viana_do_castelo 12350 8081 40000 8101 40020
braga 12351 8082 40001 8102 40021
vila_real 12352 8083 40002 8103 40022
braganca 12353 8084 40003 8104 40023
porto 12354 8085 40004 8105 40024
aveiro 12355 8086 40005 8106 40025
viseu 12356 8087 40006 8107 40026
guarda 12357 8088 40007 8108 40027
coimbra 12358 8089 40008 8109 40028
castelo_branco 12359 8090 40009 8110 40029
leiria 12360 8091 40010 8111 40030
santarem 12361 8092 40011 8112 40031
portalegre 12362 8093 40012 8113 40032
lisboa 12363 8094 40013 8114 40033
evora 12364 8095 40014 8115 40034
setubal 12365 8096 40015 8116 40035
beja 12366 8097 40016 8117 40036
faro 12367 8098 40017 8118 40037
acores 12368 8099 40018 8119 40038
madeira 12369 8100 40019 8120 40039
